uniform,Accuracy,[0.94, 0.987, 0.967, 0.973, 0.967, 0.967, 0.967, 0.967]
uniform,Precision,[0.94, 0.987, 0.968, 0.974, 0.968, 0.968, 0.968, 0.968]
uniform,Recall,[0.94, 0.987, 0.967, 0.973, 0.967, 0.967, 0.967, 0.967]
uniform,F1,[0.94, 0.987, 0.967, 0.973, 0.967, 0.967, 0.967, 0.967]
distance,Accuracy,[0.94, 0.98, 0.967, 0.967, 0.967, 0.967, 0.967, 0.967]
distance,Precision,[0.94, 0.98, 0.968, 0.968, 0.968, 0.968, 0.968, 0.968]
distance,Recall,[0.94, 0.98, 0.967, 0.967, 0.967, 0.967, 0.967, 0.967]
distance,F1,[0.94, 0.98, 0.967, 0.967, 0.967, 0.967, 0.967, 0.967]
custom,Accuracy,[0.573, 0.64, 0.687, 0.64, 0.64, 0.64, 0.593, 0.627]
custom,Precision,[0.629, 0.745, 0.79, 0.792, 0.769, 0.733, 0.746, 0.776]
custom,Recall,[0.573, 0.64, 0.687, 0.64, 0.64, 0.64, 0.593, 0.627]
custom,F1,[0.539, 0.627, 0.682, 0.632, 0.63, 0.626, 0.574, 0.616]
