euclidean,Accuracy,[0.94, 0.987, 0.967, 0.973, 0.967, 0.967, 0.967, 0.967]
euclidean,Precision,[0.94, 0.987, 0.968, 0.974, 0.968, 0.968, 0.968, 0.968]
euclidean,Recall,[0.94, 0.987, 0.967, 0.973, 0.967, 0.967, 0.967, 0.967]
euclidean,F1,[0.94, 0.987, 0.967, 0.973, 0.967, 0.967, 0.967, 0.967]
manhattan,Accuracy,[0.94, 0.973, 0.953, 0.96, 0.953, 0.96, 0.967, 0.967]
manhattan,Precision,[0.94, 0.973, 0.953, 0.96, 0.953, 0.96, 0.968, 0.968]
manhattan,Recall,[0.94, 0.973, 0.953, 0.96, 0.953, 0.96, 0.967, 0.967]
manhattan,F1,[0.94, 0.973, 0.953, 0.96, 0.953, 0.96, 0.967, 0.967]
chebyshev,Accuracy,[0.947, 0.98, 0.967, 0.987, 0.98, 0.96, 0.96, 0.973]
chebyshev,Precision,[0.947, 0.98, 0.967, 0.987, 0.98, 0.962, 0.962, 0.974]
chebyshev,Recall,[0.947, 0.98, 0.967, 0.987, 0.98, 0.96, 0.96, 0.973]
chebyshev,F1,[0.947, 0.98, 0.967, 0.987, 0.98, 0.96, 0.96, 0.973]
