 euclidean,Accuracy,[0.313, 0.0, 0.887, 0.913, 0.927, 0.953, 0.953, 0.933]
euclidean,Precision,[0.107, 0.0, 0.891, 0.914, 0.927, 0.954, 0.954, 0.933]
euclidean,Recall,[0.313, 0.0, 0.887, 0.913, 0.927, 0.953, 0.953, 0.933]
euclidean,F1,[0.159, 0.0, 0.886, 0.913, 0.927, 0.953, 0.953, 0.933]
manhattan,Accuracy,[0.32, 0.0, 0.9, 0.927, 0.927, 0.933, 0.933, 0.933]
manhattan,Precision,[0.108, 0.0, 0.905, 0.928, 0.928, 0.934, 0.934, 0.934]
manhattan,Recall,[0.32, 0.0, 0.9, 0.927, 0.927, 0.933, 0.933, 0.933]
manhattan,F1,[0.162, 0.0, 0.9, 0.927, 0.927, 0.933, 0.933, 0.933]
chebyshev,Accuracy,[0.313, 0.0, 0.887, 0.893, 0.92, 0.947, 0.96, 0.953]
chebyshev,Precision,[0.107, 0.0, 0.891, 0.897, 0.92, 0.947, 0.962, 0.954]
chebyshev,Recall,[0.313, 0.0, 0.887, 0.893, 0.92, 0.947, 0.96, 0.953]
chebyshev,F1,[0.159, 0.0, 0.886, 0.893, 0.92, 0.947, 0.96, 0.953]
