uniform,Accuracy,[0.313, 0.0, 0.887, 0.913, 0.927, 0.953, 0.953, 0.933]
uniform,Precision,[0.107, 0.0, 0.891, 0.914, 0.927, 0.954, 0.954, 0.933]
uniform,Recall,[0.313, 0.0, 0.887, 0.913, 0.927, 0.953, 0.953, 0.933]
uniform,F1,[0.159, 0.0, 0.886, 0.913, 0.927, 0.953, 0.953, 0.933]
distance,Accuracy,[0.32, 0.0, 0.907, 0.913, 0.933, 0.96, 0.96, 0.947]
distance,Precision,[0.108, 0.0, 0.91, 0.914, 0.934, 0.96, 0.96, 0.947]
distance,Recall,[0.32, 0.0, 0.907, 0.913, 0.933, 0.96, 0.96, 0.947]
distance,F1,[0.162, 0.0, 0.906, 0.913, 0.933, 0.96, 0.96, 0.947]
custom,Accuracy,[0.22, 0.0, 0.6, 0.673, 0.58, 0.64, 0.633, 0.653]
custom,Precision,[0.102, 0.0, 0.668, 0.761, 0.644, 0.733, 0.719, 0.753]
custom,Recall,[0.22, 0.0, 0.6, 0.673, 0.58, 0.64, 0.633, 0.653]
custom,F1,[0.139, 0.0, 0.574, 0.664, 0.55, 0.625, 0.616, 0.642]
